ProtoTemplateDef(\rdn).preset('acid bass3').data = ( 'code': "5-CBCC-K21Q", 'params': ( 'inbus': BusDef('sendbus4'), 'distamp': 8.0050001526646, 'pitchlag': 1.0, 'posthpf': 17, 
  'distamp3': 3.9466141732283, 'brfrqfac': 0.37940593233798, 'wetamp': 0.46579739809918, 'indelay': 0.04, 'wet20': 1.0, 
  'brffac': 0.60195390291997, 'gain': 0.65546218487395, 'pitchmix': 0.0, 'postlpf': 17000, 'delay': 0.0011450475699383, 
  'fb': 0.0001, 'fbdistamp': 0.47619047619048, 'shift3': -2.4789915966387, 'shift2': 0.0, 'prelpf': 17000, 
  'prehpf': 17, 'lpf': 17000, 'shiftmix': 0.0, 'stereo': 0.0, 'shift': 0.0, 
  'delay3': 0.0001, 'mix': 0.3424188360028, 'delay2': 0.0055962764453196, 'fbdistmix': 0.91176470588235, 'hpf': 17, 
  'wet10': 1.0, 'mamp': 1.0, 'distamp2': 3.9466141732283 ), 'fxdef': 'deldefault' );
