ProtoTemplateDef(\rdn).preset('aliens').data = ( 'code': "5-1BU9-38RO", 'params': ( 'inbus': BusDef('sendbus2'), 'distamp': 0.3012947724727, 'pitchlag': 1.0, 'posthpf': 17, 
  'wetamp': 0.46579739809918, 'indelay': 0.04, 'wet20': 1.0, 'gain': 0.83193277310924, 'pitchmix': 0.0, 
  'postlpf': 17000, 'delay': 0.73374679706514, 'fb': 0.0001, 'fbdistamp': 0.47619047619048, 'shift2': 0.0, 
  'prelpf': 17000, 'prehpf': 17, 'lpf': 17000, 'shift': 0.0, 'mix': 0.61344537815126, 
  'delay2': 0.00080828221925227, 'fbdistmix': 0.91176470588235, 'hpf': 17, 'wet10': 1.0, 'mamp': 1 ), 'fxdef': 'deldefault' );
