ProtoTemplateDef(\rdn).preset('ambient').data = ( 'code': "5-PGM9-2468", 'params': ( 'inbus': BusDef('sendbus2'), 'distamp': 1.3238803603562, 'pitchlag': 1.0, 'posthpf': 563.13150824477, 
  'wetamp': 0.46579739809918, 'indelay': 0.04, 'wet20': 1.0, 'gain': 0.83193277310924, 'pitchmix': 0.0, 
  'postlpf': 17000, 'delay': 0.79279273894506, 'fb': 0.0001, 'fbdistamp': 0.47619047619048, 'shift2': 0.0, 
  'prelpf': 17000, 'prehpf': 17, 'lpf': 17000, 'shift': 0.0, 'mix': 0.26890756302521, 
  'delay2': 0.82407433098937, 'fbdistmix': 0.30252100840336, 'hpf': 17, 'wet10': 1.0, 'mamp': 1 ), 'fxdef': 'deldefault' );
