ProtoTemplateDef(\rdn).preset('bassdist').data = ( 'code': "5-RASG-3P1L", 'params': ( 'inbus': BusDef('sendbus1'), 'distamp': 66.608462908092, 'pitchlag': 1.0, 'posthpf': 17, 
  'wetamp': 0.46579739809918, 'indelay': 0.04, 'wet20': 1.0, 'gain': 0.49159663865546, 'pitchmix': 0.45378151260504, 
  'postlpf': 17000, 'delay': 0.62852032692401, 'fb': 0.0001, 'fbdistamp': 0.47619047619048, 'shift2': 0.0, 
  'prelpf': 17000, 'prehpf': 17, 'lpf': 17000, 'shift': 0.0, 'mix': 0.83193277310924, 
  'delay2': 0.0001, 'fbdistmix': 0.91176470588235, 'hpf': 17, 'wet10': 1.0, 'mamp': 1 ), 'fxdef': 'deldefault' );
