ProtoTemplateDef(\rdn).preset('bass_evodist').data = ( 'code': "5-K9Q3-KAGN", 'params': ( 'inbus': BusDef('sendbus1'), 'distamp': 5.9884016916134, 'pitchlag': 1.0, 'posthpf': 17, 
  'wetamp': 0.46579739809918, 'indelay': 0.04, 'wet20': 1.0, 'gain': 0.35294117647059, 'pitchmix': 0.0, 
  'postlpf': 17000, 'delay': 0.0046117477677083, 'fb': 0.0001, 'fbdistamp': 0.47619047619048, 'shift2': 0.0, 
  'prelpf': 17000, 'prehpf': 17, 'lpf': 17000, 'shift': 0.0, 'mix': 0.16386554621849, 
  'delay2': 0.0001, 'fbdistmix': 0.91176470588235, 'hpf': 17, 'wet10': 1.0, 'mamp': 1 ), 'fxdef': 'deldefault' );
