ProtoTemplateDef(\rdn).preset('chordrez').data = ( 'code': "5-SEAB-KS79", 'params': ( 'inbus': BusDef('sendbus1'), 'distamp': 0.49348881177119, 'pitchlag': 1.0, 'posthpf': 17, 
  'wetamp': 0.46579739809918, 'indelay': 0.04, 'wet20': 1.0, 'gain': 0.46218487394958, 'pitchmix': 0.0, 
  'postlpf': 17000, 'delay': 0.0001, 'fb': 0.0001, 'fbdistamp': 0.12870336875072, 'shift2': 0.0, 
  'prelpf': 17000, 'prehpf': 17, 'lpf': 17000, 'shift': 0.0, 'mix': 0.26470588235294, 
  'delay2': 0.24828928805603, 'fbdistmix': 0.51260504201681, 'hpf': 17, 'wet10': 1.0, 'mamp': 1 ), 'fxdef': 'deldefault' );
