ProtoTemplateDef(\rdn).preset('crazystutter').data = ( 'code': "6-SM4P-FKAR", 'params': ( 'inbus': BusDef('sendbus1'), 'distamp': 0.1, 'pitchlag': 1.0, 'posthpf': 17, 
  'wetamp': 0.46579739809918, 'indelay': 0.04, 'wet20': 1.0, 'gain': 0.67226890756303, 'pitchmix': 0.0, 
  'postlpf': 17000, 'delay': 0.70589400866187, 'fb': 0.0001, 'fbdistamp': 0.47619047619048, 'shift2': 0.0, 
  'prelpf': 17000, 'prehpf': 17, 'lpf': 17000, 'shift': 0.0, 'mix': 0.7436974789916, 
  'delay2': 0.00015306431405564, 'fbdistmix': 0.91176470588235, 'hpf': 17, 'wet10': 1.0, 'mamp': 1 ), 'fxdef': 'deldefault' );
