ProtoTemplateDef(\rdn).preset('deepbassdist').data = ( 'code': "5-R59B-GE8C", 'params': ( 'inbus': BusDef(\sendbus3), 'distamp': 1.4443214647273, 'pitchlag': 1.0, 'posthpf': 17, 
  'wetamp': 0.46579739809918, 'indelay': 0.04, 'wet20': 1.0, 'gain': 0.83613445378151, 'pitchmix': 0.0, 
  'postlpf': 20000.0, 'delay': 0.00074808264552251, 'fb': 0.019624385968609, 'fbdistamp': 0.47619047619048, 'shift2': 0.0, 
  'prelpf': 17000, 'prehpf': 17, 'lpf': 20000.0, 'shift': 0.0, 'mix': 0.86193770992747, 
  'delay2': 0.0002006878167665, 'fbdistmix': 0.91176470588235, 'hpf': 20.0, 'wet10': 1.0, 'mamp': 1 ), 'fxdef': 'deldefault' );
