ProtoTemplateDef(\rdn).preset('echoes').data = ( 'code': "5-LR6B-DBK2", 'params': ( 'inbus': BusDef(\sendbus1), 'distamp': 19.121088211933, 'pitchlag': 1.0, 'posthpf': 17, 
  'distamp3': 3.9466141732283, 'brfrqfac': 0.37940593233798, 'wetamp': 0.18504562572587, 'indelay': 0.04, 'wet20': 1.0, 
  'brffac': 0.60195390291997, 'gain': 1.0, 'pitchmix': 0.0, 'postlpf': 18872.086202958, 'delay': 0.0001, 
  'fb': 0.0001, 'fbdistamp': 4.1822132443647, 'shift3': -2.4789915966387, 'shift2': 0.0, 'prelpf': 17000, 
  'prehpf': 17, 'lpf': 20000.0, 'shiftmix': 0.0, 'stereo': 0.0, 'shift': 0.0, 
  'delay3': 0.0001, 'mix': 1.2991573772373, 'delay2': 0.0001, 'fbdistmix': 0.91176470588235, 'hpf': 17, 
  'wet10': 1.0, 'mamp': 1, 'distamp2': 3.9466141732283 ), 'fxdef': 'deldefault' );
