ProtoTemplateDef(\rdn).preset('frozen').data = ( 'code': "6-NIB1-HTOP", 'params': ( 'inbus': BusDef('sendbus1'), 'distamp': 0.27616998133438, 'pitchlag': 0.72668222591327, 'posthpf': 17, 
  'distamp3': 3.9466141732283, 'brfrqfac': 0.37940593233798, 'wetamp': 0.46579739809918, 'indelay': 0.04, 'wet20': 1.0, 
  'brffac': 0.60195390291997, 'gain': 0.68067226890756, 'pitchmix': 0.0, 'postlpf': 17000, 'delay': 0.0065332014595938, 
  'fb': 0.00081996542078199, 'fbdistamp': 0.55924758241628, 'shift3': -2.4789915966387, 'shift2': -0.3781512605042, 'prelpf': 17000, 
  'prehpf': 17, 'lpf': 17000, 'shiftmix': 0.0, 'stereo': 0.0, 'shift': 0.0, 
  'delay3': 0.0001, 'mix': 1.0, 'delay2': 0.037275937203149, 'fbdistmix': 0.91176470588235, 'hpf': 17, 
  'wet10': 1.0, 'mamp': 1, 'distamp2': 3.9466141732283 ), 'fxdef': 'deldefault' );
