ProtoTemplateDef(\rdn).preset('ghosts').data = ( 'code': "5-9O1T-14T4", 'params': ( 'inbus': BusDef(\sendbus1), 'distamp': 68.570048047962, 'pitchlag': 0.056506816471033, 'posthpf': 20.588989763231, 
  'distamp3': 3.9466141732283, 'brfrqfac': 0.37940593233798, 'wetamp': 0.32530026071068, 'indelay': 0.04, 'wet20': 1.0, 
  'brffac': 0.60195390291997, 'gain': 1.0, 'pitchmix': 0.27731092436975, 'postlpf': 7674.7388949048, 'delay': 0.76269858590234, 
  'fb': 0.0091307571154094, 'fbdistamp': 0.5246435856376, 'shift3': -2.4789915966387, 'shift2': -0.46218487394958, 'prelpf': 17000, 
  'prehpf': 20.0, 'lpf': 17000, 'shiftmix': 0.0, 'stereo': 0.0, 'shift': -0.3781512605042, 
  'delay3': 0.00027351099530412, 'mix': 0.90729625207028, 'delay2': 0.16861288382869, 'fbdistmix': 0.91176470588235, 'hpf': 20.0, 
  'wet10': 1.0, 'mamp': 1, 'distamp2': 3.9466141732283 ), 'fxdef': 'deldefault' );
