ProtoTemplateDef(\rdn).preset('gniarhi').data = ( 'code': "5-1BC1-70KC", 'params': ( 'inbus': BusDef('sendbus2'), 'distamp': 13.497461607899, 'distamp3': 0.10909758222705, 'pitchlag': 1.0, 
  'posthpf': 95.874312911164, 'brfrqfac': 0.37940593233798, 'wetamp': 0.46579739809918, 'indelay': 0.04, 'wet20': 1.0, 
  'brffac': 0.60195390291997, 'gain': 0.4327731092437, 'pitchmix': 0.29411764705882, 'postlpf': 20000.0, 'delay': 0.41062499172443, 
  'fb': 0.0001, 'shift3': -2.4789915966387, 'fbdistamp': 1.6564557127784, 'shift2': 1.1344537815126, 'prelpf': 20000.0, 
  'prehpf': 17, 'lpf': 17000, 'shiftmix': 0.0, 'stereo': 0.0, 'shift': 1.1344537815126, 
  'delay3': 0.1821814698567, 'mix': 1.0, 'delay2': 0.00015306431405564, 'fbdistmix': 1.0, 'hpf': 17, 
  'wet10': 1.0, 'mamp': 1, 'distamp2': 6.3463059962866 ), 'fxdef': 'del3full' );
