ProtoTemplateDef(\rdn).preset('gniarly').data = ( 'code': "5-CS2V-TM6P", 'params': ( 'inbus': BusDef(\sendbus1), 'distamp': 74.808264552251, 'pitchlag': 1.0, 'posthpf': 17, 
  'distamp3': 3.9466141732283, 'deltran1': 2.4065216155096, 'deltran2': 0.019597246864546, 'deltran3': 0.15776103979864, 'brfrqfac': 0.37940593233798, 
  'wetamp': 0.46579739809918, 'indelay': 0.04, 'wet20': 1.0, 'brffac': 0.60195390291997, 'gain': 0.61764705882353, 
  'pitchmix': 0.07563025210084, 'postlpf': 17000, 'delay': 0.0001, 'fb': 0.0001, 'fbdistamp': 0.47619047619048, 
  'shift3': -2.4789915966387, 'fb1': 0.1, 'shift2': 0.0, 'prelpf': 17000, 'prehpf': 17, 
  'lpf': 17000, 'shiftmix': 0.0, 'fb2': 0.1, 'stereo': 0.0, 'shift': 0.0, 
  'delay3': 0.0001, 'mix': 0.51611149132281, 'delay2': 0.00087332616238284, 'fbdistmix': 0.91176470588235, 'hpf': 17, 
  'wet10': 1.0, 'mamp': 1, 'distamp2': 3.9466141732283 ), 'fxdef': 'deldefault' );
