ProtoTemplateDef(\rdn).preset('grince').data = ( 'code': "5-4G3G-M4VB", 'params': ( 'inbus': BusDef(\sendbus3), 'distamp': 16.538167833957, 'pitchlag': 1.0, 'posthpf': 17, 
  'wetamp': 0.46579739809918, 'indelay': 0.04, 'wet20': 1.0, 'gain': 0.42016806722689, 'pitchmix': 0.0, 
  'postlpf': 20000.0, 'delay': 0.0001123104501833, 'fb': 0.0033769973352173, 'fbdistamp': 0.47619047619048, 'shift2': 0.0, 
  'prelpf': 17000, 'prehpf': 17, 'lpf': 20000.0, 'shift': 0.0, 'mix': 1.0, 
  'delay2': 0.0001, 'fbdistmix': 0.91176470588235, 'hpf': 20.0, 'wet10': 1.0, 'mamp': 1 ), 'fxdef': 'deldefault' );
