ProtoTemplateDef(\rdn).preset('harsh2').data = ( 'code': "5-TRA7-OMIN", 'params': ( 'inbus': BusDef('sendbus1'), 'distamp': 4.8873746316244, 'pitchlag': 1.0, 'posthpf': 17, 
  'wetamp': 0.46579739809918, 'indelay': 0.04, 'wet20': 1.0, 'gain': 1.0, 'pitchmix': 0.0, 
  'postlpf': 17000, 'delay': 0.013111339374216, 'fb': 0.0001, 'fbdistamp': 0.47619047619048, 'shift2': 0.0, 
  'prelpf': 17000, 'prehpf': 17, 'lpf': 20000.0, 'shift': 0.0, 'mix': 0.44117647058824, 
  'delay2': 0.0018936988889504, 'fbdistmix': 0.91176470588235, 'hpf': 17, 'wet10': 1.0, 'mamp': 1 ), 'fxdef': 'deldefault' );
