ProtoTemplateDef(\rdn).preset('heavydeaf').data = ( 'code': "4-CB39-SO3M", 'params': ( 'inbus': BusDef('sendbus1'), 'distamp': 4.6117477677083, 'pitchlag': 1.0, 'posthpf': 17, 
  'wetamp': 0.46579739809918, 'indelay': 0.04, 'wet20': 1.0, 'gain': 0.63025210084034, 'pitchmix': 0.0, 
  'postlpf': 17000, 'delay': 0.0001, 'fb': 0.00065179158915242, 'fbdistamp': 0.47619047619048, 'shift2': -0.58823529411765, 
  'prelpf': 17000, 'prehpf': 17, 'lpf': 17000, 'shift': 0.0, 'mix': 0.23109243697479, 
  'delay2': 0.0001, 'fbdistmix': 0.91176470588235, 'hpf': 17, 'wet10': 1.0, 'mamp': 1 ), 'fxdef': 'deldefault' );
