ProtoTemplateDef(\rdn).preset('hurle').data = ( 'code': "5-LBLF-TE1D", 'params': ( 'inbus': BusDef('sendbus3'), 'distamp': 43.0976690163, 'pitchlag': 1.0, 'posthpf': 421.26890846482, 
  'distamp3': 3.9466141732283, 'brfrqfac': 0.37940593233798, 'wetamp': 0.46579739809918, 'indelay': 0.04, 'wet20': 1.0, 
  'brffac': 0.60195390291997, 'gain': 1.0, 'pitchmix': 0.29411764705882, 'postlpf': 17000, 'delay': 0.3012947724727, 
  'fb': 0.0001, 'fbdistamp': 0.55924758241628, 'shift3': -2.4789915966387, 'shift2': 0.0, 'prelpf': 17000, 
  'prehpf': 17, 'lpf': 17000, 'shiftmix': 0.0, 'stereo': 0.0, 'shift': 0.0, 
  'delay3': 0.0001, 'mix': 1.0, 'delay2': 0.58170913293744, 'fbdistmix': 0.11344537815126, 'hpf': 17, 
  'wet10': 1.0, 'mamp': 1, 'distamp2': 3.9466141732283 ), 'fxdef': 'deldefault' );
