ProtoTemplateDef(\rdn).preset('lightdist').data = ( 'code': "5-70O0-5J99", 'params': ( 'inbus': BusDef('sendbus2'), 'distamp': 33.190087959147, 'pitchlag': 0.001, 'posthpf': 20.0, 
  'distamp3': 3.9466141732283, 'brfrqfac': 0.37940593233798, 'wetamp': 0.46579739809918, 'indelay': 0.04, 'wet20': 1.0, 
  'brffac': 0.60195390291997, 'gain': 0.46638655462185, 'pitchmix': 0.0, 'postlpf': 19427.859482175, 'delay': 1.0, 
  'fb': 0.00044459452341622, 'fbdistamp': 0.47619047619048, 'shift3': -2.4789915966387, 'shift2': 0.0, 'prelpf': 17000, 
  'prehpf': 17, 'lpf': 20000.0, 'shiftmix': 0.0, 'stereo': 0.0, 'shift': 0.0, 
  'delay3': 0.0001, 'mix': 0.77310924369748, 'delay2': 0.00013628679593558, 'fbdistmix': 0.91176470588235, 'hpf': 20.0, 
  'wet10': 1.0, 'mamp': 1, 'distamp2': 3.9466141732283 ), 'fxdef': 'deldefault' );
