ProtoTemplateDef(\rdn).preset('lofidist').data = ( 'code': "5-DLEM-16EN", 'params': ( 'inbus': BusDef('sendbus1'), 'distamp': 22.758459260748, 'pitchlag': 1.0, 'posthpf': 17, 
  'wetamp': 0.46579739809918, 'indelay': 0.04, 'wet20': 1.0, 'gain': 0.63865546218487, 'pitchmix': 0.0, 
  'postlpf': 1232.9514112674, 'delay': 0.0019684194472866, 'fb': 0.0001, 'fbdistamp': 0.47619047619048, 'shift2': 0.0, 
  'prelpf': 17000, 'prehpf': 17, 'lpf': 17000, 'shift': 0.0, 'mix': 1.0, 
  'delay2': 0.00015910384392722, 'fbdistmix': 0.91176470588235, 'hpf': 17, 'wet10': 1.0, 'mamp': 1 ), 'fxdef': 'deldefault' );
