ProtoTemplateDef(\rdn).preset('muffler').data = ( 'code': "4-5IDF-4TUT", 'params': ( 'inbus': BusDef('sendbus1'), 'distamp': 1.2860080806106, 'pitchlag': 1.0, 'posthpf': 17, 
  'wetamp': 0.46579739809918, 'indelay': 0.04, 'wet20': 1.0, 'gain': 0.40756302521008, 'pitchmix': 0.0, 
  'postlpf': 17000, 'delay': 0.60466190090704, 'fb': 0.0001, 'fbdistamp': 0.47619047619048, 'shift2': 0.0, 
  'prelpf': 17000, 'prehpf': 17, 'lpf': 17000, 'shift': 0.0, 'mix': 0.19747899159664, 
  'delay2': 0.0001416643274669, 'fbdistmix': 0.91176470588235, 'hpf': 17, 'wet10': 1.0, 'mamp': 1 ), 'fxdef': 'deldefault' );
