ProtoTemplateDef(\rdn).preset('nicechord').data = ( 'code': "5-BRTA-5Q15", 'params': ( 'inbus': BusDef('sendbus1'), 'distamp': 0.1, 'pitchlag': 1.0, 'posthpf': 17, 
  'wetamp': 0.46579739809918, 'indelay': 0.04, 'wet20': 1.0, 'gain': 0.47058823529412, 'pitchmix': 0.0, 
  'postlpf': 20000.0, 'delay': 0.85659021536855, 'fb': 0.0001, 'fbdistamp': 0.063745963248755, 'shift2': 0.0, 
  'prelpf': 20000.0, 'prehpf': 20.0, 'lpf': 20000.0, 'shift': 0.0, 'mix': 0.45378151260504, 
  'delay2': 0.25808615404181, 'fbdistmix': 0.54621848739496, 'hpf': 20.0, 'wet10': 1.0, 'mamp': 1 ), 'fxdef': 'deldefault' );
