ProtoTemplateDef(\rdn).preset('nicereverb').data = ( 'code': "5-81EA-QELK", 'params': ( 'inbus': BusDef('sendbus1'), 'distamp': 0.24589873950613, 'pitchlag': 1.0, 'posthpf': 17, 
  'wetamp': 0.46579739809918, 'indelay': 0.04, 'wet20': 1.0, 'gain': 1.0, 'pitchmix': 0.0, 
  'postlpf': 17000, 'delay': 0.0001, 'fb': 0.0001, 'fbdistamp': 0.47619047619048, 'shift2': 0.0, 
  'prelpf': 17000, 'prehpf': 17, 'lpf': 17000, 'shift': 0.0, 'mix': 0.12605042016807, 
  'delay2': 0.82407433098937, 'fbdistmix': 0.91176470588235, 'hpf': 17, 'wet10': 1.0, 'mamp': 1 ), 'fxdef': 'deldefault' );
