ProtoTemplateDef(\rdn).preset('noiser').data = ( 'code': "4-HB1D-GJP6", 'params': ( 'inbus': BusDef('sendbus1'), 'distamp': 1.2492192141522, 'pitchlag': 1.0, 'posthpf': 20.0, 
  'wetamp': 0.46579739809918, 'indelay': 0.04, 'wet20': 1.0, 'gain': 0.68243243243243, 'pitchmix': 0.0, 
  'postlpf': 16803.499738589, 'delay': 0.059307448950106, 'fb': 0.001632510171073, 'fbdistamp': 0.47619047619048, 'shift2': 0.0, 
  'prelpf': 17000, 'prehpf': 17, 'lpf': 20000.0, 'shift': 0.0, 'mix': 1.0, 
  'delay2': 0.00018574090746386, 'fbdistmix': 0.51260504201681, 'hpf': 20.0, 'wet10': 1.0, 'mamp': 1 ), 'fxdef': 'deldefault' );
