ProtoTemplateDef(\rdn).preset('noteghost').data = ( 'code': "5-NOUF-LHCJ", 'params': ( 'inbus': BusDef('sendbus1'), 'distamp': 11.674193588235, 'pitchlag': 1.0, 'posthpf': 17, 
  'wetamp': 0.46579739809918, 'indelay': 0.04, 'wet20': 1.0, 'gain': 0.34453781512605, 'pitchmix': 0.0, 
  'postlpf': 17000, 'delay': 0.0001, 'fb': 0.00091968463500716, 'fbdistamp': 0.47619047619048, 'shift2': 0.0, 
  'prelpf': 17000, 'prehpf': 17, 'lpf': 17000, 'shift': 0.16806722689076, 'mix': 0.49159663865546, 
  'delay2': 1.0, 'fbdistmix': 0.91176470588235, 'hpf': 17, 'wet10': 1.0, 'mamp': 1 ), 'fxdef': 'deldefault' );
