ProtoTemplateDef(\rdn).preset('pluckdist2').data = ( 'code': "4-PKHI-CHF3", 'params': ( 'inbus': BusDef(\sendbus1), 'distamp': 28.706694880974, 'pitchlag': 1.0, 'posthpf': 117.47286445047, 
  'distamp3': 3.9466141732283, 'brfrqfac': 0.37940593233798, 'wetamp': 0.46579739809918, 'indelay': 0.04, 'wet20': 1.0, 
  'brffac': 0.60195390291997, 'gain': 0.54201680672269, 'pitchmix': 0.0, 'postlpf': 3505.3184170735, 'delay': 0.0001, 
  'fb': 0.0057694341185974, 'fbdistamp': 0.55924758241628, 'shift3': -2.4789915966387, 'shift2': 0.0, 'prelpf': 17000, 
  'prehpf': 17, 'lpf': 17000, 'shiftmix': 0.0, 'stereo': 0.0, 'shift': 0.0, 
  'delay3': 0.0001, 'mix': 0.41176470588235, 'delay2': 0.0011015819387359, 'fbdistmix': 0.91176470588235, 'hpf': 17, 
  'wet10': 1.0, 'mamp': 1, 'distamp2': 3.9466141732283 ), 'fxdef': 'deldefault' );
