ProtoTemplateDef(\rdn).preset('racledist').data = ( 'code': "5-1P2U-BR5D", 'params': ( 'inbus': BusDef('sendbus3'), 'distamp': 1000, 'pitchlag': 0.10394574653723, 'posthpf': 17, 
  'wetamp': 0.46579739809918, 'indelay': 0.04, 'wet20': 1.0, 'gain': 0.29831932773109, 'pitchmix': 0.0, 
  'postlpf': 17000, 'delay': 0.79279273894506, 'fb': 0.00081996542078199, 'fbdistamp': 0.47619047619048, 'shift2': 0.0, 
  'prelpf': 17000, 'prehpf': 17, 'lpf': 17000, 'shift': 0.16806722689076, 'mix': 0.73529411764706, 
  'delay2': 0.00087332616238284, 'fbdistmix': 0.91176470588235, 'hpf': 17, 'wet10': 1.0, 'mamp': 1 ), 'fxdef': 'deldefault' );
