ProtoTemplateDef(\rdn).preset('rampe').data = ( 'code': "5-IPJQ-5RE5", 'params': ( 'inbus': BusDef(\sendbus1), 'distamp': 4.4798193799136, 'pitchlag': 0.18042741251498, 'posthpf': 20.0, 
  'distamp3': 3.9466141732283, 'brfrqfac': 0.37940593233798, 'wetamp': 0.46579739809918, 'indelay': 0.04, 'wet20': 1.0, 
  'brffac': 0.60195390291997, 'gain': 1.0, 'pitchmix': 0.0, 'postlpf': 17000, 'delay': 0.0001, 
  'fb': 0.0004799467303085, 'fbdistamp': 0.5246435856376, 'shift3': -2.4789915966387, 'shift2': 0.0, 'prelpf': 17000, 
  'prehpf': 17, 'lpf': 17000, 'shiftmix': 0.0, 'stereo': 0.0, 'shift': 0.042016806722689, 
  'delay3': 0.00027351099530412, 'mix': 0.90729625207028, 'delay2': 0.19684194472866, 'fbdistmix': 0.91176470588235, 'hpf': 20.0, 
  'wet10': 1.0, 'mamp': 1, 'distamp2': 3.9466141732283 ), 'fxdef': 'deldefault' );
