ProtoTemplateDef(\rdn).preset('snarereverb').data = ( 'code': "6-BU20-DF73", 'params': ( 'inbus': BusDef('sendbus3'), 'distamp': 0.46565816979706, 'pitchlag': 1.0, 'posthpf': 181.55707983875, 
  'distamp3': 3.9466141732283, 'brfrqfac': 0.37940593233798, 'wetamp': 0.37940593233798, 'indelay': 0.04, 'wet20': 1.0, 
  'brffac': 0.60195390291997, 'gain': 0.98319327731092, 'pitchmix': 0.0, 'postlpf': 17000, 'delay': 0.15013107289082, 
  'fb': 0.0001, 'fbdistamp': 0.55924758241628, 'shift3': -2.4789915966387, 'shift2': 0.0, 'prelpf': 17000, 
  'prehpf': 17, 'lpf': 17000, 'shiftmix': 0.0, 'stereo': 0.0, 'shift': 0.0, 
  'delay3': 0.0001, 'mix': 0.58823529411765, 'delay2': 0.00010394574653723, 'fbdistmix': 0.91176470588235, 'hpf': 17, 
  'wet10': 1.0, 'mamp': 1, 'distamp2': 3.9466141732283 ), 'fxdef': 'deldefault' );
