ProtoTemplateDef(\rdn).preset('softsnare').data = ( 'code': "4-PB8N-HHDR", 'params': ( 'inbus': BusDef('sendbus2'), 'distamp': 1.7190722018586, 'pitchlag': 1.0, 'posthpf': 17, 
  'distamp3': 3.9466141732283, 'brfrqfac': 0.37940593233798, 'wetamp': 0.46579739809918, 'indelay': 0.04, 'wet20': 1.0, 
  'brffac': 0.60195390291997, 'gain': 0.97058823529412, 'pitchmix': 0.0, 'postlpf': 17000, 'delay': 0.0001, 
  'fb': 0.00011216139262679, 'fbdistamp': 0.47619047619048, 'shift3': -2.4789915966387, 'shift2': 0.0, 'prelpf': 17000, 
  'prehpf': 17, 'lpf': 17000, 'shiftmix': 0.0, 'stereo': 0.0, 'shift': 0.0, 
  'delay3': 0.0001, 'mix': 0.5672268907563, 'delay2': 0.015306431405564, 'fbdistmix': 0.91176470588235, 'hpf': 17, 
  'wet10': 1.0, 'mamp': 1, 'distamp2': 3.9466141732283 ), 'fxdef': 'deldefault' );
