ProtoTemplateDef(\rdn).preset('strangeverb2').data = ( 'code': "5-ITER-EK40", 'params': ( 'inbus': BusDef('sendbus1'), 'distamp': 2.5070307675097, 'pitchlag': 1.0, 'posthpf': 17, 
  'distamp3': 3.9466141732283, 'brfrqfac': 0.37940593233798, 'wetamp': 0.46579739809918, 'indelay': 0.04, 'wet20': 1.0, 
  'brffac': 0.60195390291997, 'gain': 0.39915966386555, 'pitchmix': 0.0, 'postlpf': 20000.0, 'delay': 0.00034499684705497, 
  'fb': 0.0001, 'fbdistamp': 0.47619047619048, 'shift3': -2.4789915966387, 'shift2': 0.0, 'prelpf': 17000, 
  'prehpf': 17, 'lpf': 17000, 'shiftmix': 0.0, 'stereo': 0.0, 'shift': 0.0, 
  'delay3': 0.0001, 'mix': 0.45798319327731, 'delay2': 0.67909850299557, 'fbdistmix': 0.4453781512605, 'hpf': 17, 
  'wet10': 1.0, 'mamp': 1, 'distamp2': 3.9466141732283 ), 'fxdef': 'deldefault' );
