ProtoTemplateDef(\rdn).preset('stutter').data = ( 'code': "5-H2PJ-3QCJ", 'params': ( 'inbus': BusDef('fx2'), 'distamp': 9.5277772811593, 'pitchlag': 1.0, 'posthpf': 386.13954577665, 
  'wetamp': 0.46579739809918, 'indelay': 0.04, 'wet20': 1.0, 'gain': 0.28571428571429, 'pitchmix': 0.0, 
  'postlpf': 17000, 'delay': 0.92552159097914, 'fb': 0.0001, 'fbdistamp': 0.47619047619048, 'shift2': 0.0, 
  'prelpf': 17000, 'prehpf': 17, 'lpf': 17000, 'shift': 0.0, 'mix': 0.78571428571429, 
  'delay2': 0.0001, 'fbdistmix': 0.91176470588235, 'hpf': 17, 'wet10': 1.0, 'mamp': 1 ), 'fxdef': 'deldefault' );
