ProtoTemplateDef(\rdn).preset('terrorbass').data = ( 'code': "5-AC2A-D7LV", 'params': ( 'inbus': BusDef('sendbus1'), 'distamp': 57.610839222447, 'pitchlag': 1.0, 'posthpf': 17, 
  'wetamp': 0.46579739809918, 'indelay': 0.04, 'wet20': 1.0, 'gain': 0.43697478991597, 'pitchmix': 0.0, 
  'postlpf': 17000, 'delay': 0.55962764453196, 'fb': 0.0001, 'fbdistamp': 0.47619047619048, 'shift2': 0.12605042016807, 
  'prelpf': 17000, 'prehpf': 17, 'lpf': 17000, 'shift': 0.0, 'mix': 0.52521008403361, 
  'delay2': 0.0001, 'fbdistmix': 0.91176470588235, 'hpf': 17, 'wet10': 1.0, 'mamp': 1 ), 'fxdef': 'deldefault' );
