ProtoTemplateDef(\rdn).preset('vener2').data = ( 'code': "5-1PTT-N1OQ", 'params': ( 'inbus': BusDef('sendbus1'), 'distamp': 2.7351099530412, 'pitchlag': 0.001, 'posthpf': 20.0, 
  'distamp3': 2.297970969047, 'brfrqfac': 0.37940593233798, 'wetamp': 0.46579739809918, 'indelay': 0.04, 'wet20': 1.0, 
  'brffac': 0.60195390291997, 'gain': 1.0, 'pitchmix': 0.0, 'postlpf': 20000.0, 'delay': 0.0001, 
  'fb': 0.0001, 'fbdistamp': 0.50815299962112, 'shift3': -2.4789915966387, 'shift2': 0.0, 'prelpf': 198.07438446611, 
  'prehpf': 78.246869344565, 'lpf': 20000.0, 'shiftmix': 0.0, 'stereo': 0.0, 'shift': 0.0, 
  'delay3': 0.0001, 'mix': 0.43697478991597, 'delay2': 0.0001, 'fbdistmix': 0.95798319327731, 'hpf': 17, 
  'wet10': 1.0, 'mamp': 1, 'distamp2': 3.9466141732283 ), 'fxdef': 'deldefault' );
