ProtoTemplateDef(\rdn).preset('vener_ambiant').data = ( 'code': "5-JJIM-4ODD", 'params': ( 'inbus': BusDef('sendbus1'), 'distamp': 81.614007932518, 'pitchlag': 0.031622776601684, 'posthpf': 139.81952126401, 
  'distamp3': 2.297970969047, 'brfrqfac': 0.37940593233798, 'wetamp': 0.46579739809918, 'indelay': 0.04, 'wet20': 1.0, 
  'brffac': 0.60195390291997, 'gain': 1.0, 'pitchmix': 0.0, 'postlpf': 20000.0, 'delay': 0.96204032710648, 
  'fb': 0.018178881063408, 'fbdistamp': 0.50815299962112, 'shift3': -2.4789915966387, 'shift2': 0.0, 'prelpf': 16322.801586504, 
  'prehpf': 21.819516445409, 'lpf': 20000.0, 'shiftmix': 0.0, 'stereo': 0.0, 'shift': -0.33613445378151, 
  'delay3': 0.0001, 'mix': 1.0, 'delay2': 0.018574090746386, 'fbdistmix': 0.95798319327731, 'hpf': 20.0, 
  'wet10': 1.0, 'mamp': 2, 'distamp2': 3.9466141732283 ), 'fxdef': 'deldefault' );
