ProtoTemplateDef(\rdn).preset('vin33_coolbass').data = ( 'code': "4-L50U-GB3J", 'params': ( 'inbus': BusDef('sendbus1'), 'distamp': 1.5757197976037, 'pitchlag': 1.0, 'posthpf': 53.653915905595, 
  'distamp3': 3.9466141732283, 'brfrqfac': 0.37940593233798, 'wetamp': 0.46579739809918, 'indelay': 0.04, 'wet20': 1.0, 
  'brffac': 0.60195390291997, 'gain': 0.34033613445378, 'pitchmix': 0.0, 'postlpf': 3213.0120077075, 'delay': 0.0039503780135666, 
  'fb': 0.0014008706567206, 'fbdistamp': 0.65607499380699, 'shift3': -2.4789915966387, 'shift2': 0.0, 'prelpf': 17000, 
  'prehpf': 17, 'lpf': 17000, 'shiftmix': 0.0, 'stereo': 0.0, 'shift': 0.0, 
  'delay3': 0.0001, 'mix': 1.0, 'delay2': 0.00012134827677491, 'fbdistmix': 0.9327731092437, 'hpf': 17, 
  'wet10': 1.0, 'mamp': 1, 'distamp2': 3.9466141732283 ), 'fxdef': 'deldefault' );
